-0.22865435 0.097129494 -0.00020672308 0.20386022 0.15728743 -0.28254148 -0.10442316 0.07656951 -0.111220725 0.17685878 -0.3129217 0.26187882 -0.10715122 0.18471421 0.021512382 0.06459605 -0.05664821 -0.17886584 0.20474823 0.02710386 
-0.39148504 0.17835082 0.100632764 -0.09740613 0.15965478 -0.1221484 -0.101791725 0.088012904 -0.17044473 -0.14402899 0.05818853 0.23038733 -0.31429794 -0.029085308 0.06826535 -0.06332747 -0.0021774825 0.07331934 0.083592705 0.37158903 
-0.11668245 -0.07421758 0.23481752 0.44710094 0.47802457 0.2832523 0.021726644 -0.008606634 0.108910106 -0.42486462 0.03818689 -0.036274806 -0.3542556 0.18470407 -0.15361908 0.040909562 -0.0023404069 -0.23976855 -0.047133263 0.32179242 
-0.15432447 -0.054627728 -0.12388532 -0.096168526 0.055051208 0.12924124 -0.2023022 0.22029164 -0.11991303 0.34326255 0.1998511 0.032619465 0.18260439 0.22880846 -0.06031744 0.11606801 -0.06575475 -0.366597 0.19433291 0.0391928 
0.16169547 0.08582767 0.30417994 -0.023920486 0.022564631 0.06536819 0.17170312 -0.27658942 0.23399588 0.07216933 -0.21059969 -0.009207514 -0.33400095 -0.36336014 0.27857003 -0.0792086 -0.24994132 -0.10496051 0.078389496 0.38086602 
0.1630388 0.25374573 0.2260849 0.0361952 -0.08443783 -0.15917656 0.2129835 0.06092812 0.12070708 0.009576268 -0.04926366 -0.0017564943 0.34231147 -0.22468856 0.2045359 -0.12086966 0.256637 -0.09524197 -0.071115196 0.05359623 
0.2198295 -0.13313533 0.1715969 0.09996181 0.0044401167 0.14726445 0.3603357 -0.26205498 0.21383147 -0.40548992 -0.22566243 -0.018014845 -0.35086688 0.08189901 0.17027172 -0.07118715 0.45985293 -0.0062844222 0.023539986 -0.028113438 
-0.4187298 -0.17971872 -0.13228247 -0.17932843 -0.1315968 0.31216875 -0.28068978 0.06226949 0.009085147 0.19800484 0.09115566 0.36775702 -0.00071963185 -0.15366636 -0.2565693 0.1968675 0.02759716 -0.11154345 -0.06755733 -0.07144845 
-0.14394665 0.12767354 0.20016682 -0.091270834 -0.19385794 -0.21217932 -0.25055912 -0.32169792 0.15436068 -0.14343895 0.1478935 -0.035614166 -0.08704241 -0.10756689 0.07638454 -0.21476834 0.18490317 0.099235654 -0.19610712 0.20473042 
-0.3142362 -0.15643512 -0.039772224 -0.05244831 0.14104961 -0.054368123 0.17148642 -0.14913024 -0.27611423 0.026947845 -0.077755824 0.43488908 -0.21095169 0.012292105 0.09031651 -0.11975804 -0.20824894 -0.16825806 0.03657112 0.009972733 
0.19994731 -0.12035404 0.3451961 0.15833506 0.054025665 0.20225783 0.43271562 -0.16086935 0.19875172 -0.1858584 -0.12825343 0.08798366 -0.5489362 -0.28215706 0.26651743 -0.014630877 0.20030451 -0.106054455 0.00553753 0.0572201 
-0.0048439517 -0.086716086 -0.039350275 0.21128869 0.22254673 0.19825959 0.038537152 0.18790707 -0.09647233 0.11470551 0.12214073 -0.14985594 -0.16851474 0.07772427 -0.19442761 0.4143288 0.10033365 -0.37377006 0.06417975 0.34104773 
0.09247479 -0.14548235 -0.15383288 -0.012152737 0.33077958 -0.32553643 -0.23442653 -0.07692765 -0.3733929 -0.22159448 -0.066023245 0.04402105 -0.15023828 0.12162357 -0.016944317 -0.1031583 -0.11570602 -0.14005604 -0.33747295 0.035122193 
0.25089735 0.24964093 0.141583 -0.023746043 -0.05333916 0.06505137 0.20245904 0.23746912 0.28994137 -0.11163778 -0.10287216 -0.009851208 0.032703187 0.13145429 0.18972337 0.30442786 0.12815376 -0.5078352 0.26852304 0.27422854 
0.070187375 -0.15377466 0.024435021 -0.082521066 0.02837645 0.20521493 0.4396961 -0.2717116 0.19900271 0.16755106 -0.009442458 -0.18542455 0.2048438 -0.2593932 0.12979418 -0.050176077 -0.25056407 -0.09314961 -0.32181802 0.01445431 
0.30412176 -0.011055621 0.23018844 0.07356549 0.107080966 0.23743655 0.004083631 -0.24897559 0.01143195 0.10589428 -0.2408185 -0.031182753 -0.3108294 -0.020154195 0.069341876 0.07172258 0.12970205 -0.18050385 -0.0797051 0.28055865 
0.29287687 -0.04040187 0.052817617 0.09399706 0.10339935 0.1076896 0.2860461 0.06669852 0.06055056 -0.10052139 0.045916375 -0.008323307 -0.25750548 0.10006067 0.16755837 0.011925881 0.08469656 -0.39409944 0.1665389 -0.177431 
0.15071382 -0.10795144 0.13824226 -0.16644183 0.073748566 0.023511337 -0.08433682 0.044621203 0.21231428 -0.4054269 0.02835845 -0.25069663 -0.13111898 -0.03147321 -0.3104132 -0.27040383 -0.16429083 0.29369038 -0.2971763 0.04955026 
-0.15817192 -0.5280457 -0.20617518 -0.20283696 -0.29814917 0.14230558 -0.21874934 0.13634145 -0.16803716 0.040269535 -0.3252721 -0.20168863 -0.026251603 0.053917482 0.10498295 -0.09057622 -0.2916463 -0.11009502 -0.41619495 -0.1295001 
-0.12901382 0.11546999 0.1322878 0.21751301 0.09841822 0.0029740708 -0.023568727 0.0039142445 0.16758306 -0.12540463 0.074330635 -0.10637057 -0.40155804 -0.08750037 0.22086866 -0.08083515 0.50679487 -0.06752424 0.079990536 -0.0017882459 
-0.0039794305 -0.29001087 0.13901307 0.31100917 0.0646397 -0.2083283 -0.20073119 0.13760564 -0.23626748 -0.19652544 0.13219638 -0.07435162 0.06960338 0.25431165 -0.1300005 0.16708821 0.2016957 0.34249082 -0.06928955 0.21178055 
0.2240664 0.013077234 0.042681787 0.12391696 0.20183747 -0.0435202 0.39918992 0.016966343 0.6554327 -0.24157587 -0.0618371 0.07874899 -0.24636744 0.14774969 -0.00047135275 -0.027818868 0.24469166 -0.22700705 0.03364399 -0.11386537 
0.030641247 0.30753398 -0.0030216773 0.15225475 0.00553972 -0.44386387 0.15812215 0.16052556 -0.28690973 -0.02777478 -0.12625715 0.24998336 -0.26703733 0.012185929 -0.21986917 0.15416086 2.0072766e-06 0.011899616 0.07388666 0.16269654 
-0.17299505 0.19167952 -0.16437112 0.03794196 0.097857915 -0.31750736 -0.2546395 -0.0273117 -0.0013363766 -0.14822851 -0.3880724 -0.0983153 -0.0062497 0.10704034 0.15196389 0.17234892 0.27335805 -0.25263724 -0.35438743 -0.12419795 
-0.23698643 -0.17505394 -0.13619117 -0.053220924 -0.16369085 -0.34010458 -0.20126149 -0.41433153 -0.21618508 0.011403391 -0.21681821 0.0076102265 -0.08653378 0.16237947 -0.20920134 -0.34625107 -0.4334786 0.120094426 -0.09104763 0.28604776 
0.5167795 -0.047614466 0.24522856 -0.02415691 -0.31701884 -0.010097531 0.5136092 -0.26484692 0.20139757 -0.30797952 0.1158205 -0.13654187 0.30154738 -0.2984571 0.21025841 0.035607684 -0.15316495 0.3116385 -0.16106565 0.123086125 
-0.18245961 -0.13422972 -0.06218967 -0.26966256 -0.14921138 0.05149473 0.103073835 -0.15265723 0.009539141 -0.04561533 -0.09820094 -0.33195606 0.15689851 0.114548974 -0.10853042 -0.360634 -0.20020668 -0.117482685 -0.097857125 -0.07326376 
-0.028320413 -0.11992056 -0.042125005 0.32722792 -0.08409389 -0.15496744 0.052693617 0.09946621 -0.21117866 0.15707406 -0.11974361 0.35505247 -0.093403 0.08124058 -0.14278297 0.24201295 0.04614677 -0.19384532 0.34195408 0.1403308 
-0.07587414 -0.1248939 -0.31018734 0.046480983 0.20500195 -0.034448244 -0.34964585 -0.0034679882 -0.14160253 -0.005128787 -0.0014381104 -0.06939436 0.044099033 -0.06759365 0.06114934 -0.09745684 -0.27348575 0.27703092 -0.24158056 0.12060412 
0.26835507 0.18266067 0.4177269 -0.051052544 0.0136791365 0.13754436 -0.15746517 0.0015849337 0.20615926 -0.21127258 -0.24516888 0.09878409 -0.19411632 -0.46460572 0.11399728 -0.046525646 -0.06646215 -0.12500575 0.04351409 0.20951197 
-0.07196729 0.35571897 -0.06394023 -0.07521095 0.02211392 -0.319187 -0.23498659 -0.15599558 -0.185148 0.07656575 0.13752122 -0.06336517 0.113519125 0.23616749 -0.17533158 -0.14289849 -0.50077736 0.06270681 -0.15421505 -0.11299774 
0.27122423 -0.38438058 -0.33069345 -0.1654156 -0.050452672 0.009947523 -0.26394355 0.009820705 -0.25514635 -0.21395738 -0.17370793 0.15549889 -0.15493736 0.10266896 0.06883525 -0.058339857 -0.32102183 0.24534883 0.037715968 -0.22058628 
-0.07125099 -0.4521969 -0.23592006 0.558633 0.32534257 0.20027974 0.1221473 0.19307503 -0.044364337 0.23883301 0.3234096 -0.066851705 0.21448165 0.5030061 0.06508938 0.21347487 -0.30935314 0.18815441 -0.27489278 0.24392593 
0.21645673 -0.4692788 -0.1257269 -0.2855668 -0.15230699 -0.21413171 0.10597131 0.029989555 0.012769669 -0.01244075 0.08192751 -0.09306919 0.13377117 0.18705879 0.058181074 0.036887318 -0.2870199 0.019075956 -0.081094004 -0.04757998 
0.012823732 -0.21326089 -0.13724841 -0.06329237 0.09377671 0.17185599 0.11038811 0.14269425 -0.28588897 -0.056293186 -0.024913324 0.542749 -0.054160062 0.09328508 0.1222429 -0.112258606 -0.3159358 0.025582943 0.0536605 0.24634933 
0.059991952 -0.06701107 -0.037647672 0.09866164 0.044187475 -0.41480583 -0.054111045 -0.035484053 0.17783672 -0.0018742986 -0.3030648 -0.27490774 -0.04877604 0.07122807 -0.18249431 -0.14613429 -0.25234693 -0.18719248 0.08001279 0.27628994 
0.012979631 -0.47659525 -0.30899686 -0.2940135 -0.16218151 -0.06544047 -0.27772883 0.10202376 -0.44202366 -0.1386516 0.22673863 -0.25613222 -0.11964076 0.20586215 -0.047546197 0.008129646 -0.09326781 0.29673344 -0.055619422 -0.26205018 
0.19950788 -0.114508644 0.21456215 -0.23335837 -0.2854214 0.14384711 -0.069191635 0.10596197 0.08369889 0.17643002 0.3612365 -0.4499252 0.1078091 -0.044302262 0.041241795 0.23980586 0.16382606 0.19638376 -0.33566594 -0.20308574 
0.027151853 0.107972346 -0.07342954 0.045408554 -0.04759256 -0.34803054 -0.25734782 0.4086175 -0.100530945 0.122662656 0.29418218 -0.23866092 -0.012641152 0.22759221 -0.05927998 0.3186196 0.18504404 0.2539576 -0.11131427 -0.04097576 
-0.16366683 0.17184462 0.16745175 0.117629714 -0.21336572 -0.2521403 -0.0067423875 0.1499482 -0.24045338 -0.20596841 0.012603615 -0.08509561 -0.43713394 -0.24809842 -0.42172173 0.1654132 0.06482575 -0.2547188 0.09994042 0.2182036 
0.15655649 0.48052064 -0.06440757 0.36902505 0.30860516 -0.37241772 0.4873349 0.05854172 -0.0705484 -0.12664658 -0.1313208 0.44930103 -0.4292308 -0.19305588 -0.15157107 0.27626082 0.19146657 -0.17362846 0.2546948 -0.22086369 
0.07303751 -0.30284208 0.24475154 0.23993458 -0.106071085 0.23016916 0.3418981 -0.114656396 -0.21095209 -0.08694421 -0.07775195 -0.16816571 -0.0086796535 -0.31249002 0.08126703 -0.38666287 -0.0060522216 0.12209241 -0.21678382 0.20040141 
-0.17806418 0.052827436 0.20345454 0.23149937 0.020357063 0.10388858 -0.086912125 0.07790739 -0.24470733 -0.34782174 0.13657682 0.032110028 -0.23712641 0.13919738 0.09856512 0.24338855 -0.058771506 -0.16729201 0.31446177 0.24342722 
0.2903543 -0.023118565 0.3185347 -0.041266497 0.0674012 0.20551924 0.21750672 0.04037618 0.22476295 0.084257916 -0.11436552 0.014466837 0.05114581 -0.3874902 0.24971227 -0.005145001 -0.018384093 -0.21549615 -0.036613226 0.19600046 
-0.10015259 0.28598475 0.090605095 -0.11438364 0.2716378 -0.004625414 -0.02381762 0.3101894 -0.5516685 0.21075588 0.26602048 -0.11301727 0.005261784 0.21778974 -0.3061202 0.5011574 0.11108447 -0.46358904 0.09299243 0.23724411 
-0.19440524 -0.21402578 0.14864643 -0.2548508 -0.28447723 -0.14046827 -0.17679824 0.27747554 -0.073073976 0.007498621 0.030075386 -0.23789336 -0.042525806 0.21838415 -0.19798824 -0.07625464 -0.06461488 0.022921555 -0.29658073 -0.0728783 
0.025687026 -0.21968466 0.04515242 0.025051462 -0.13906911 -0.0014516434 0.18241939 -0.09245457 0.2029891 0.024571924 -0.22669087 -0.2365363 0.08370773 -0.14453354 0.042249847 -0.18179215 -0.27402928 0.13089001 -0.41259786 -0.17857818 
-0.1792865 0.37216625 -0.045409948 -0.18385656 -0.04645363 -0.46642864 -0.09262046 -0.11696405 0.27275974 -0.15285696 0.0075399014 0.17632774 0.011570583 -0.036903147 -0.34669283 0.050270684 0.07733906 -0.33267754 -0.03044928 0.28996998 
-0.22302042 0.1912582 0.08459119 0.06589343 -0.083090365 -0.2978786 0.019407662 0.22746612 -0.37372193 -0.13522851 0.13138145 -0.060794882 -0.3242816 0.02534273 -0.2160893 0.46941823 -0.12754393 0.0076079154 0.18728939 0.07317571 
-0.1810422 0.1477953 0.21461554 0.15438265 0.43765202 0.14663985 0.17104177 0.3218674 -0.15081263 -0.28348637 0.31409225 0.14597954 -0.4099861 0.08701273 -0.34693593 0.3237271 0.13697563 -0.15015975 -0.006378809 0.057048485 
-0.066863365 0.118292145 0.056477394 -0.24093087 -0.20277323 0.25467184 -0.15564148 -0.17877014 0.054103963 -0.54674685 -0.17818241 -0.018126851 -0.0658071 -0.07281152 -0.067142196 0.07001797 -0.33222532 -0.31145024 -0.027237276 0.25600094 
-0.013989279 -0.14434943 0.121911205 -0.16181603 -0.3137898 0.13841048 0.118858285 0.30518657 0.1868114 0.20896792 0.37046266 -0.033023056 0.04715203 -0.14404118 0.37286568 0.32544285 -0.003920551 0.0043546674 -0.2824756 0.08141939 
-0.23831308 0.14555772 0.009404379 0.15409712 0.049789228 -0.20959547 0.08674219 -0.2400076 -0.11313327 -0.31410164 -0.19275689 0.044430297 -0.06943793 -0.03428957 -0.059987243 0.100317255 -0.33530584 -0.14430483 0.1019807 0.3867518 
0.07715139 -0.042140424 -0.15708566 0.09317147 0.2704458 0.04179749 -0.23939455 0.21346144 -0.13580547 0.032513235 -0.15408318 0.17715769 0.12618093 -0.2557248 -0.14427787 0.092906244 -0.29534915 -0.04744251 -0.27341712 -0.0808763 
0.16583793 -0.25122988 0.2876991 -0.24757731 -0.3192445 0.13235082 -0.11792151 0.10430904 -0.012633976 -0.0060162507 0.21986382 -0.37414882 0.1291711 0.14823687 -0.15531391 0.029793596 0.0020185967 0.19182795 -0.18862338 0.25127327 
-0.28776893 -0.27242747 0.1456264 -0.10494711 -0.04231699 0.18026185 -0.1376367 0.0005348902 0.14059497 0.055032305 -0.06301929 0.24014083 -0.08035304 -0.06464158 -0.15368314 -0.19165216 -0.1724733 0.054636117 0.49634066 0.063807234 
0.27858967 0.09170946 -0.12283914 -0.17614208 0.03137288 0.04586402 -0.08616248 -0.10859204 -0.2374995 -0.1352977 -0.08525593 -0.16877441 -0.06423755 -0.20014988 -0.2660377 -0.070241846 -0.4494601 0.14354497 0.18895945 0.053506266 
0.0644277 -0.22312847 -0.1499489 0.06902495 -0.108921394 -0.000100462676 -0.31084958 0.258205 -0.22308077 0.23641798 0.25258037 -0.14880027 0.14425313 0.056631394 0.0033614044 0.26016656 0.11179311 -0.015378554 -0.43901083 0.03190782 
-0.076457374 -0.1132381 0.306444 -0.115131654 0.14574362 0.011608832 -0.20938323 -0.08760179 -0.106452905 0.005635933 -0.2202586 0.04949624 -0.03797395 -0.38509968 -0.11625961 -0.0058223526 0.20131147 -0.27199975 -0.1998435 0.22510052 
-0.3627643 -0.087054744 -0.009226971 -0.19121838 -0.10324353 0.003246502 0.16747186 -0.23330005 -0.23137264 0.28203377 -0.10131524 -0.12653026 -0.1462989 -0.37884918 -0.29114047 -0.0014139271 -0.10720909 0.026179483 0.3319126 -0.23437227 
0.16151646 -0.35221612 0.11190803 -0.3751007 -0.32633522 -0.24991135 -0.10441443 0.096246205 0.042965055 0.04377575 0.15785785 0.011107489 0.28043142 -0.16353774 0.0720696 0.25003368 0.08237102 0.045452125 -0.06501839 0.21911736 
0.052564714 -0.1076851 0.37110367 0.01243413 -0.14244545 0.08967895 0.035618123 0.07995977 0.04451885 0.18960035 0.1647787 0.07395275 0.085342474 -0.19852762 0.31221485 0.16748685 -0.13331227 0.016632184 -0.31389782 -0.100931376 
-0.20313007 0.05828693 -0.052279048 0.16455242 0.35305268 -0.40727037 -0.07175143 -0.10909829 -0.099608675 -0.52835363 -0.21391456 0.06859886 -0.24178793 -0.0046910318 -0.21522501 -0.2413318 0.017233847 0.24263349 0.21065122 0.1030335 
-0.11897205 -0.45146906 0.066080056 0.04113877 -0.16090046 -0.031594004 -0.30548915 -0.14212488 -0.2222354 -0.3027586 -0.048930824 0.2723376 -0.1540295 -0.33505785 -0.033527136 0.068027735 -0.22165912 -0.13513698 -0.08686746 -0.0026817843 
0.1718074 -0.050251428 0.44269854 -0.016543297 0.0051774466 0.18821196 0.10384357 -0.34963343 0.05771145 -0.24937035 -0.0667414 0.0036370456 -0.33964622 -0.05298372 0.29445225 -0.06944178 -0.000736011 0.047382142 0.1914323 0.11932112 
-0.41693136 0.23905693 0.02087631 0.15690836 -0.06057801 -0.6256263 -0.027911033 -0.19451532 -0.02199547 -0.30272502 -0.40189937 0.14762072 -0.28350994 -0.14358793 -0.32561278 -0.10135302 0.023346148 -0.24012458 0.035330392 0.24325067 
0.27945566 0.0047329133 -0.062616654 0.15951517 -0.10254275 0.16302253 -0.06686672 0.13143976 0.006114238 0.13320841 0.23834401 -0.17939393 0.3334264 0.06670929 -0.072813295 0.090294495 -0.0700507 0.18011722 -0.22589208 0.073214695 
0.2143415 0.11175372 -0.20576829 -0.07857261 0.34556156 0.21012178 -0.09232608 -0.041174036 -0.19139978 -0.15961203 0.34474126 0.3982912 -0.059268177 0.12646216 -0.28181735 -0.025562705 -0.06306268 0.11294017 -0.03859143 -0.036045298 
0.0025080147 0.10683479 -0.0061790613 0.0460827 0.004111893 -0.018996641 0.38227063 -0.5086564 0.15916651 0.033940453 -0.16804995 -0.011819484 -0.030590609 -0.2971546 0.110132046 -0.3780368 -0.23227121 0.0020983357 0.05001791 0.17774767 
0.22093497 -0.20305923 0.6025876 -0.13440162 -0.40759704 0.14239025 -0.100816585 -0.2842012 0.19236656 -0.08836245 0.13145956 -0.0130464025 0.38560784 -0.26627958 -0.12818508 -0.20534615 -0.064994544 -0.08774983 -0.46256548 0.24368887 
-0.09290952 -0.21051623 -0.43480355 -0.28185707 -0.21475498 -0.39103347 -0.2916463 0.2443955 -0.24733865 0.2805174 0.29362747 -0.17049134 0.18000987 0.048144862 -0.06719839 0.32034642 0.025481682 0.2349683 0.10622374 -0.10390335 
-0.30695963 -0.2272049 -0.20091471 -0.01257791 -0.23076193 -0.06526818 -0.115289524 -0.046183746 -0.092312895 0.12766042 0.24469857 0.07121608 0.060213856 -0.083164915 -0.10173579 0.20064647 -0.10707168 -0.06156312 0.08936918 -0.014388796 
-0.04090064 -0.14727288 -0.00851046 -0.25092497 -0.3378843 -0.19997114 -0.01557697 0.21178417 -0.17697304 0.0064022187 0.34481353 -0.27614847 0.05040101 0.13043755 -0.20271371 0.042206485 -0.18721202 0.1977645 -0.22879125 -0.21998087 
-0.4108133 0.27383807 -0.14603895 0.16729134 0.021829303 -0.021821382 -0.11317783 -0.08309738 -0.14882681 -0.48647773 0.030362064 -0.067988835 -0.23439372 -0.063330494 -0.4139678 -0.1037273 -0.14911667 0.30297753 -0.07783234 0.32195878 
0.08327047 -0.20095345 0.13208748 -0.26813117 -0.0844061 0.3363315 -0.07384783 0.100489475 -0.20811808 0.027840227 -0.13466766 -0.33503336 0.036390785 0.086690046 -0.3152124 -0.1057823 0.13722469 -0.06941063 -0.033599127 0.0048798053 
-0.013713119 -0.27731866 -0.03285849 -0.3604419 -0.2741226 0.0129326815 0.04833305 0.2873988 0.012894171 0.029303353 0.08593648 -0.2959142 0.24872132 0.020207733 -0.13273428 -0.0055098017 -0.27180338 0.115645185 -0.098617695 0.21039762 
0.11180012 0.28982386 -0.10154456 -0.19754052 -0.046469767 0.14846323 0.16097476 0.25630346 0.2611569 0.022090513 -0.0139430035 0.1488413 -0.08014543 0.20727631 -0.24959062 0.120309785 -0.19199254 -0.04911951 0.086364664 0.13101342 
-0.019187964 -0.06313204 0.20649748 -0.06819535 -0.03192303 0.05112822 0.29348958 -0.21082215 0.19643737 0.18865617 -0.18612327 0.14487438 -0.16961196 -0.3391622 0.086610556 -0.18926254 -0.21904224 -0.30274332 -0.064717345 0.22534661 
-0.117616944 -0.082198456 -0.26396146 0.055955797 -0.16197033 0.12182416 -0.27672777 -0.06653581 -0.2708012 -0.33586946 0.04973759 -0.30864605 0.07825559 -0.04780352 -0.110171296 -0.29646876 -0.12380135 0.012930917 -0.22269589 0.14706942 
-0.19693598 0.057456084 0.16161446 0.37837395 0.32531327 0.039497025 0.22062312 0.4027231 -0.013428638 -0.38882592 0.2963038 0.005407613 -0.34018162 0.41182616 0.14042802 0.35677597 0.0027762644 -0.06637415 0.14945006 0.26249856 
0.044076964 -0.11661187 0.13188925 0.079830855 -0.023659775 -0.20113544 -0.11883623 0.403947 -0.056592524 -0.0051046833 0.22164662 0.5004549 -0.159294 -0.12252154 -0.32448637 0.15338902 0.072673954 -0.16591506 -0.13013561 0.22113602 
-0.1645301 -0.035622034 -0.15467227 -0.14274366 -0.021634728 0.013149147 -0.05784735 -0.22100765 0.042405505 -0.19724114 -0.1769096 -0.11353979 0.06764418 0.08102062 -0.03355473 -0.23045106 -0.30544695 0.09138213 0.16455881 -0.08301417 
0.05369731 -0.25801086 -0.14665271 -0.375986 -0.22835042 -0.10109428 -0.16361676 0.28877375 -0.13337879 0.18167828 0.25254157 0.0054371087 0.1429904 0.08114746 -0.03447002 -0.041516118 0.14790532 0.3503279 -0.24438345 -0.16424823 
-0.1403718 0.063623905 0.34157017 -0.13480093 0.16174129 0.163532 0.09870545 -0.27578408 0.19635905 -0.051436774 -0.095174104 -0.09150089 -0.21307427 -0.29760325 0.29785782 0.088841334 0.128545 -0.2709495 0.3361074 0.06993171 
0.003261728 -0.23878406 -0.24802594 -0.21210738 0.33041924 -0.14645554 0.036964808 0.16202241 -0.15909751 0.060240712 -0.11664859 0.050808582 0.108066194 -0.25821787 -0.099269256 0.09450028 0.20583472 0.38205153 -0.022511717 -0.30622712 
0.1515763 -0.065748155 -0.13278867 -0.008642707 0.08648367 0.00017002474 0.18038684 -0.14963761 0.21833116 -0.10758497 0.20499235 -0.11242466 -0.07447428 0.36832502 0.043382846 -0.21013664 0.2087022 0.14165221 0.24084383 -0.20619683 
0.26159978 0.09726366 0.019979686 -0.051179323 -0.1804982 -0.029346792 -0.057753306 -0.02911003 0.04719851 -0.10224708 -0.26869318 -0.03661688 0.11517998 0.27529725 -0.23150271 -0.15790312 0.019692974 0.12480137 0.34779558 0.25523573 
-0.052953716 -0.06326187 0.056795474 0.25163713 0.22376677 -0.0032432873 0.12660591 0.22736858 -0.048035197 -0.22514366 0.2984508 -0.03318214 0.0799078 0.3064597 0.06833086 0.2912048 0.027133185 -0.07581944 -0.17258823 0.08726681 
0.08599264 0.3303666 -0.034797974 0.045873906 0.32561877 0.11134817 -0.06337673 0.06447947 -0.12645513 -0.2053571 0.011205021 0.06636549 -0.19142963 0.23481677 0.16642803 0.068741135 0.021441277 -0.33602312 0.050467774 0.23098062 
0.00931379 -0.00048137206 0.20328437 -0.10335937 0.048179653 -0.1527059 0.42953956 -0.1267108 -0.19786678 0.21002023 0.06615717 0.14628802 0.04429644 -0.0320192 0.41526982 -0.16000049 0.16129434 -0.21996798 -0.046022754 0.088274315 
-0.09058226 -0.08047172 0.05079355 0.015802419 -0.14925313 -0.234725 0.09885314 -0.25351098 0.16219102 -0.05782917 -0.04702049 0.26228422 -0.095609665 -0.26966253 0.09685057 -0.11694345 0.2250495 -0.24049208 -0.06455491 -0.09842421 
0.23188052 0.09812278 0.22155899 0.20710199 -0.049882576 0.008973971 0.11631264 -0.19140439 0.25241745 -0.21253459 -0.2052544 0.20832364 -0.30720425 0.007785691 0.04931698 0.095319554 0.08616877 -0.3468362 0.047166895 -0.15270576 
-0.032008108 -0.115034595 -0.09788078 0.5356515 0.3416518 0.21283744 0.049454335 -0.055566322 -0.35914955 0.1966501 0.3531349 0.08932345 -0.09763979 0.2009565 -0.1024547 0.24274936 0.25712064 -0.0038749631 0.10470506 0.104351416 
-0.27348438 -0.16008492 0.21426092 0.16478324 0.35613558 0.11839186 0.113981605 -0.062419854 -0.12350219 -0.33834556 -0.06010138 0.43886998 -0.6086338 -0.037205145 0.030845204 0.12761562 0.13573101 -0.3129992 -0.13407692 0.04356789 
-0.2832563 -0.33422855 -0.10041718 -0.19399865 -0.093249336 0.17255047 -0.020362973 0.25462872 -0.053154897 -0.27519453 -0.027994584 -0.19799836 -0.14685442 -0.0971605 0.113646895 0.23790862 -0.09162346 0.18211487 0.012137826 0.20596763 
0.230171 -0.05574518 -0.020749994 0.038224712 0.1634721 -0.088470906 0.13099548 0.033988662 0.17849892 -0.28996274 0.09824471 0.33273956 -0.21456212 0.00080053526 0.04983737 -0.19155157 0.15329497 -0.059501875 0.033023924 0.21896592 
0.12314533 -0.4065546 -0.13100499 0.23477161 0.34523478 0.27001005 -0.011840542 0.14945179 -0.022310184 0.31792077 0.24849972 0.25569484 0.25420722 0.23409475 0.061505377 0.031099979 -0.096560486 0.40647638 0.055125367 -0.23141012 
-0.20665093 -0.16194887 -0.3052748 -0.28652558 -0.13670088 -0.27055904 -0.28161445 0.057673812 -0.11187863 0.065230474 0.14500087 0.25823227 0.039905474 -0.13546942 -0.058791913 0.21747862 0.25763786 0.050643478 0.21888155 0.082940824 
0.17340812 -0.15655382 -0.024580372 -0.18813404 0.17019577 0.029419616 -0.22552338 0.059920777 0.25115368 -0.039968666 -0.17369252 0.0533734 0.022093607 0.20598263 -0.18475236 -0.10779183 -0.37295955 0.03541606 -0.24079902 -0.005829179 
-0.027962347 0.043258615 0.18141854 -0.19352397 -0.042494033 -0.067654096 0.053410053 -0.3838901 -0.17576668 0.17214301 -0.41529742 -0.22765778 -0.2427521 -0.36191714 0.07856925 -0.084985025 -0.22588307 -0.101767585 -0.016157174 0.2990878 
